-1.99499; 0.254341; 1397.03
-1.22678; 1.23496; 12.2504
0.340037; -0.0805078; 4.28237
-0.598834; 1.58385; 152.679
1.29136; 0.986419; 46.4871
-1.30357; 1.43577; 12.2504
0.842006; 0.0541398; 42.9057
-0.784021; -1.94006; 655.857
-1.63439; -0.542192; 1039.54
-1.41075; -1.33641; 1112.45
1.9541; -0.217231; 1629.63
-1.52367; -1.98132; 1857.85
-1.96435; -0.488479; 1898.57
0.126652; 0.284738; 7.98255
0.407056; 0.428663; 7.26683
-1.33506; 0.652181; 133.19
-0.196844; -0.59151; 41.1549
-1.77184; 0.430738; 741.384
1.13327; 1.21043; 0.56367
0.0795312; -0.792199; 64.6114
1.50389; 0.906705; 183.852
1.8236; 1.70287; 263.98
0.157414; -1.43065; 212.536
-0.151677; -1.05869; 118.332
1.44896; -1.1616; 1063.66
1.11863; 1.37461; 1.53416
1.98718; 1.99878; 381.269
0.445997; -0.43025; 39.8916
-0.935148; -0.810877; 287.795
1.36058; -1.90503; 1411.03
-0.496536; -1.62951; 354.197
0.708823; -1.77514; 518.817
-1.96484; 1.67516; 486.408
-0.896451; -0.908414; 296.704
0.351634; 0.764733; 41.5195
1.35044; 0.905972; 84.345
-0.0602435; -1.17856; 140.882
0.974944; -0.126164; 115.925
-0.168157; 1.79662; 314.07
0.977752; -1.56688; 636.493
0.396191; -0.459059; 38.3135
0.940031; 0.435865; 20.0555
0.289621; -0.554643; 41.2759
-1.39378; -1.09958; 931.232
-0.299387; 1.21152; 127.552
0.0684225; 1.95996; 383.179
1.0062; -0.617756; 265.75
-1.32408; 0.629231; 131.727
-0.0324107; -1.74584; 306.229
0.799036; 0.0192267; 38.3851
-1.41002; 1.79833; 9.41103
-1.4337; 1.62047; 24.8471
0.771569; -0.787805; 191.355
-0.293771; -1.7185; 327.404
1.86645; 0.732749; 757.49
-1.38707; 1.50902; 22.9152
1.28672; 0.328196; 176.296
-1.2346; -1.28843; 796.097
1.26878; -0.098941; 292.05
-1.37779; 0.0156865; 360.078
0.928068; -0.377636; 153.504
-0.88168; 0.274972; 28.78
0.728965; 1.02341; 24.2816
0.887661; -0.0988189; 78.6472
-1.50792; -0.528764; 791.738
1.33872; -1.85961; 1333.68
0.0680563; 0.651936; 42.7689
-0.295114; -1.58129; 280.026
1.79736; 1.68554; 239.324
0.198187; -0.616047; 43.588
-0.113102; -0.500076; 27.5424
1.38792; -0.732505; 707.088
-0.175604; -0.912442; 90.3596
1.93188; -0.808802; 2062.91
0.956755; 0.269112; 41.7682
-1.21604; 1.04526; 23.7027
1.35777; -0.409375; 507.689
0.00360118; 1.56066; 244.553
-1.89013; 1.97851; 262.465
0.290353; -1.79797; 354.799
0.125309; -1.22373; 154.385
1.37217; 0.507035; 189.428
0.630451; -1.20859; 258.08
1.36863; -1.5067; 1142.48
-1.56029; 0.972503; 220.299
-0.743736; 1.76428; 149.725
-0.855678; -0.654744; 195.801
-1.43895; 0.93234; 135.505
1.33848; 0.831996; 92.1854
0.400952; 0.988861; 68.9335
-0.989105; -1.4221; 580.163
-1.99353; -1.75597; 3292.41
1.22495; 1.4105; 0.860653
-1.15769; -1.53758; 832.845
0.212836; -1.94299; 395.95
-1.54491; -0.181951; 666.294
1.00888; 0.744591; 7.46664
0.173772; -1.70446; 301.586
-0.253121; -1.19224; 159.401
0.784875; -0.838588; 211.637
-0.253243; -1.07028; 130.261
0.311472; 0.130314; 0.584955
0.514725; -1.35923; 264.03
0.016541; 1.85217; 343.919
0.783044; 1.69921; 117.998
-1.24021; -0.656209; 486.528
-1.2866; 1.98071; 15.8154
-0.170232; 1.99207; 386.74
-1.60997; 0.500687; 444.177
-1.62243; -0.249092; 837.098
1.72607; -1.80627; 2290.7
1.57848; -0.83993; 1110.24
-1.09079; 1.07627; 5.66106
-0.357128; -1.19211; 175.99
0.512284; 0.416578; 2.61388
-0.193548; -0.134587; 4.3846
0.391308; 0.538896; 15.2526
1.41917; 1.31516; 49.0196
0.4991; 0.883633; 40.514
0.263009; -0.499466; 32.8782
-1.26292; 0.951628; 46.5083
0.220527; 1.62035; 247.637
-1.02853; -1.24424; 534.092
0.418897; 0.794031; 38.5988
0.33845; -0.594806; 50.756
-0.0221564; -1.67846; 282.931
0.962981; 0.448195; 22.9587
0.481521; 0.764489; 28.6379
1.21812; -1.40355; 833.728
0.304147; 1.47093; 190.49
1.64623; 0.458815; 507.233
0.910733; -1.82714; 705.749
0.671102; 1.90613; 212.028
-0.739952; 0.276803; 10.3567
-0.776696; -1.3043; 367.034
-1.56578; 1.47618; 101.742
1.40489; 0.977264; 99.4551
-1.38047; -0.692343; 680.654
-1.68261; -1.69359; 2054.54
0.563921; 1.28001; 92.7346
0.180364; -0.206977; 6.4082
-0.364086; -0.805017; 89.7656
-0.137761; 0.00482192; 1.31454
-1.38939; -0.707846; 701.74
0.951994; -0.744469; 272.504
1.30674; 1.8363; 1.75111
1.49339; 0.900113; 177.162
-0.799768; 1.77599; 132.372
-1.49107; -1.73705; 1574.64
1.13987; 0.0983306; 144.251
0.438551; 1.82446; 266.7
-1.71093; 1.50255; 210.334
0.615436; -0.711509; 119.017
-1.5808; 0.0202033; 621.065
-1.09165; -0.838832; 416.678
1.67992; 0.204657; 685.583
0.651204; -1.54186; 386.607
-0.0298471; -0.483474; 24.5215
-0.0127567; 1.17344; 138.683
0.0370495; -0.470534; 23.1969
0.752647; 0.128605; 19.2345
0.425123; -0.419263; 36.3296
-1.97644; 0.831507; 954.303
-1.59752; 0.492264; 431.03
1.45299; -0.0339976; 460.379
0.989349; -0.0123905; 98.2483
-0.479568; 1.14145; 85.2665
0.211249; -0.571612; 38.597
1.82287; 0.523392; 784.377
-1.29368; -0.503006; 479.025
-1.47349; 0.973113; 149.656
1.80688; 0.447951; 794.121
-1.88867; -0.680624; 1812.63
-1.77636; 0.556841; 682.988
-1.47349; 1.38829; 67.4113
1.45726; 0.387524; 301.606
0.886563; 1.41588; 39.688
-1.94128; -1.49413; 2778.25
0.831629; 0.468581; 5.00242
-1.12973; -1.7362; 912.05
-1.32432; 0.496414; 163.51
-0.636067; -0.722373; 129.679
-0.52974; 0.644002; 15.5444
1.20957; 1.22752; 5.59209
0.106143; 0.444411; 19.5604
1.19272; 1.6024; 3.27043
-1.42076; 0.520707; 230.215
-0.390332; -0.985199; 131.337
-1.45384; 1.42076; 54.0316
-1.73534; -0.288766; 1096.6
0.293405; -0.790857; 77.4022
0.192206; -1.09775; 129.406
-0.754601; -1.55748; 455.451
1.23215; -1.46117; 887.718
-0.863002; 1.15244; 20.09
1.58092; 1.15854; 180.102
0.975188; 0.460891; 24.0206
-0.555498; 1.42662; 127.421
-1.08603; 1.45433; 11.9066
-1.08225; -1.0018; 476.555
0.169622; 1.93933; 365.713
-1.78478; -1.67431; 2369.48
0.0986969; -0.292795; 9.96513
-1.62133; -0.964812; 1298.2
1.56615; -1.06894; 1240.6
-1.4138; -1.49962; 1229.74
1.72655; -1.67956; 2172.6
-1.81164; -1.76513; 2555.3
-0.654378; 1.6588; 154.173
-0.405591; -0.268868; 20.7568
1.78466; 1.34874; 337.809
0.136906; 1.36839; 182.899
0.774133; -0.409253; 101.765
-0.963347; -1.98267; 851.074
0.102359; 1.81921; 327.957
-0.405225; -1.03562; 145.932
0.342235; -0.979461; 120.683
0.736045; 1.78112; 153.671
-0.258003; 1.5609; 224.886
-1.97131; 1.76391; 459.187
0.406201; 1.14463; 96.3196
0.306711; -1.43028; 232.846
-1.11069; -0.467971; 294.001
-1.98291; -0.328318; 1823.87
-1.67101; 0.639729; 470.48
1.42039; -1.74059; 1412.51
1.24424; 0.648274; 81.0341
0.765954; 1.21079; 39.0057
0.120548; 0.742515; 53.7694
-1.42894; 0.758019; 170.725
0.911588; 1.11093; 7.84459
-1.87573; 1.47472; 425.917
0.578082; 0.826258; 24.3923
-1.65819; 0.207953; 653.064
1.79162; -1.76489; 2475.48
-0.900113; -1.41929; 500.676
1.92712; 0.479934; 1046.65
-0.831019; 1.68993; 103.221
-0.529862; 0.778161; 27.0818
-1.12546; -1.37632; 703.056
-1.03781; 0.085757; 102.42
1.60912; -1.57433; 1733.92
1.61058; -0.2331; 799.611
-1.67956; 1.12839; 293.641
-1.31285; 1.89758; 8.37745
1.10349; 1.48155; 6.97319
-1.15744; -0.173528; 233.634
-1.98498; 1.00253; 871.878
-1.54381; -0.381176; 770.73
-0.755455; 1.97046; 199.01
-1.8457; -0.991668; 1942.58
-1.2429; -1.00925; 657.342
-1.38597; 0.481277; 212.946
1.54149; 1.75634; 38.7147
-1.21738; 1.11863; 18.1225
0.582232; 0.627033; 8.47118
1.63659; -0.178167; 816.41
1.68517; 0.656697; 477.064
-1.39695; 0.545366; 203.461
0.278146; -0.311838; 15.669
1.77209; 0.162297; 887.443
0.31428; 0.145817; 0.691543
-0.978851; -0.412183; 191.697
-0.598956; -1.85351; 491.966
1.18101; -1.21397; 680.585
-1.71886; -0.442335; 1161.24
0.362987; -1.7163; 341.938
-1.20933; -1.37645; 810.826
0.577349; -0.182684; 26.8059
0.417188; 0.789392; 38.2047
-0.234809; 0.737877; 48.1383
-0.413892; 1.34288; 139.256
0.368847; -1.20164; 179.338
1.79785; 1.50401; 299.316
-0.43318; 1.94983; 312.583
-1.25877; 1.58287; 5.10229
0.2978; -0.231758; 10.7614
0.509354; 0.834071; 33.2606
-1.80151; -0.857753; 1691.46
-0.959197; -0.369457; 170.123
1.58129; 0.840785; 275.792
0.913785; 1.58422; 56.1394
-0.425733; -0.410352; 37.0318
1.61547; -0.765587; 1139.66
-0.447584; 0.282296; 2.76732
-0.585772; 0.934782; 37.52
0.981414; 0.945524; 0.0314957
0.957732; -1.44273; 556.953
-1.19932; -0.909635; 556.145
0.721763; 1.64452; 126.32
-0.528642; 0.0706198; 6.69825
-1.56249; 1.62975; 72.4382
-1.18772; 0.0718406; 184.034
0.619343; -0.245918; 39.7724
0.750572; -1.63829; 484.79
-1.68175; -1.69689; 2054.92
-1.88879; -0.579669; 1728.27
-0.771081; 0.789148; 6.92295
-1.4293; -0.420606; 612.792
-1.72863; 0.702963; 529.658
0.899747; -1.20518; 405.92
0.776086; 0.462844; 1.99519
0.619587; 0.17597; 4.46771
-1.6068; 0.181463; 582.959
-1.80151; 1.89831; 189.321
-0.143864; 1.87988; 346.964
0.911466; 0.123844; 49.9822
0.719687; 0.771203; 6.49227
-0.511551; -0.445509; 52.2971
-1.80016; 1.23911; 408.433
-1.32176; -1.75671; 1233.01
-0.757775; 1.13791; 34.8645
-1.15012; -0.712363; 418.803
-0.0613422; -1.96338; 388.091
-0.240547; 0.0314341; 1.6088
0.42378; 1.03415; 73.3594
-0.395703; -0.600787; 59.3087
1.37059; 1.76928; 1.33038
0.49324; 1.98914; 305.056
-1.78613; 0.251411; 871.438
1.45421; -0.452956; 659.501
-0.774377; -0.863124; 217.122
-1.89319; 0.45027; 990.491
-0.435255; -1.92553; 449.375
-1.87585; -0.17719; 1374.32
1.43175; 1.74706; 9.35714
-0.392407; 0.909146; 58.9659
0.446364; 1.2335; 107.275
1.50169; 0.330393; 370.695
0.380078; -1.68395; 334.692
1.1727; -0.151189; 233.027
0.362499; 0.357738; 5.52905
0.276803; 1.26426; 141.572
0.691; -0.62569; 121.794
-1.95911; -0.930754; 2282.95
-0.633747; -1.07163; 219.719
1.08408; -0.513016; 285.023
1.47948; -1.53258; 1385.13
0.90231; 0.515702; 8.9175
1.57579; -1.26792; 1407.37
0.142277; 1.60802; 252.839
1.12033; 1.86084; 36.7001
-1.21055; 1.60619; 6.86799
1.18967; 1.81359; 15.8981
1.39525; 1.56139; 15.0035
0.514847; -1.25816; 232.256
0.467727; -0.940031; 134.565
-0.997406; 0.9288; 4.42547
1.15244; -1.31626; 699.298
0.855556; -0.0762352; 65.3414
-1.67406; 1.22617; 255.627
1.42137; -1.50145; 1240.44
-0.770104; 0.293283; 12.1199
-0.108097; 1.04819; 108.662
-1.23252; 0.9111; 41.9514
1.9801; -1.9386; 3434.22
0.590533; 0.766564; 17.6262
-1.30345; -1.71154; 1168.46
-0.900113; 0.706503; 4.68579
1.35569; 0.22663; 259.747
-0.515091; 1.11802; 75.0045
-1.06992; 0.552934; 39.3061
-1.07334; -1.18162; 548.898
1.88415; -0.873012; 1957.11
-1.90844; 1.07688; 666.527
-1.39268; -1.81213; 1413.24
-1.96301; -0.60567; 1997.12
0.575518; -0.627033; 92.0053
-0.341746; -0.333934; 22.1155
-1.63732; 0.180731; 631.995
0.797082; -0.64803; 164.745
0.630085; 1.50499; 122.899
0.141911; 0.280099; 7.49424
-1.78405; -0.136906; 1109.82
-0.960051; -0.292795; 151.341
1.45335; -0.0536515; 469.311
-1.65026; 0.263253; 612.232
0.837611; 1.11386; 17.0232
1.45689; 1.4022; 52.0967
-0.827967; 1.4575; 62.9357
0.579669; 0.987396; 42.6063
1.31455; 1.06247; 44.3988
1.48766; 1.63329; 33.8579
1.65014; 0.0878323; 694.806
-0.239326; -1.56944; 266.158
-0.583941; 1.29221; 92.9922
-0.289132; -1.32066; 198.855
-1.99658; 0.629841; 1135.59
1.09421; -1.74511; 865.784
-1.64074; -0.45735; 998.824
0.735557; 1.23045; 47.5973
-1.38365; -1.42857; 1123.28
-1.80615; -0.615436; 1511.45
-1.92578; 1.91369; 330.738
0.590533; -1.78539; 455.616
1.65661; 0.549883; 481.997
-0.273141; -1.91577; 397.78
-1.02963; -0.432203; 226.83
0.616047; 1.12754; 56.1013
-1.90869; 1.30418; 555.512
-1.44627; 0.537065; 247.674
0.201605; 1.93396; 359.101
-0.146306; -1.14084; 136.396
-0.797205; 1.12864; 27.5448
-0.629841; -0.0775781; 25.1503
0.432081; -1.58995; 315.97
1.93774; 1.02329; 747.021
-1.39647; -0.174383; 457.093
0.846522; 1.99499; 163.453
1.10202; 0.566607; 41.9812
0.484817; 1.78442; 240.32
0.752647; -0.840785; 198.1
0.268624; -0.838466; 83.4586
0.192938; 0.849452; 66.6226
-1.01425; 0.186712; 74.9528
-0.0294809; 1.80822; 327.712
0.679281; 1.06064; 36.009
0.493484; -0.216987; 21.4638
1.19504; 0.982147; 19.9281
1.95569; -1.18149; 2507.12
0.517899; 1.63927; 188.211
0.365184; 1.67357; 237.629
0.0221564; -0.0424207; 1.14032
-0.201117; 1.55736; 231.545
1.76159; -1.26829; 1911.57
-0.992157; -1.18796; 475.874
0.921964; 1.76452; 83.6373
0.50032; -1.83459; 434.935
0.565386; -1.86193; 476.125
0.22541; 0.177923; 2.21577
-0.214667; -1.75451; 325.688
1.98413; -1.489; 2944.87
0.403638; -1.79858; 385.104
-1.30882; 0.64095; 120.26
-0.670248; -0.736167; 143.307
0.614338; -0.35786; 54.211
-0.289987; -1.1135; 145.086
0.714072; -1.33421; 340.155
-0.00982696; 0.0305795; 1.11267
1.21091; -0.259713; 297.96
-1.98193; -0.642048; 2097.48
-0.496414; -1.4857; 302.266
1.30931; 0.933195; 61.105
1.56456; 0.573321; 351.706
0.602374; 0.0579241; 9.45638
0.935881; 0.948698; 0.534472
1.82836; -0.136662; 1211.43
-0.546953; -1.55126; 344.796
1.61864; 1.28489; 178.634
-0.180853; -1.56529; 256.755
1.47777; 1.0455; 129.799
-1.8435; -0.333323; 1400.73
1.7445; -1.729; 2278.01
-1.34056; -1.15488; 876.892
-1.53233; 0.364452; 399.878
-1.5266; 0.473098; 351.377
0.320383; 0.761193; 43.8303
0.926237; 1.66259; 64.7553
0.678915; -0.805994; 160.611
1.23545; -0.487259; 405.512
1.98999; 1.09006; 824.67
-1.18235; -1.31773; 742.252
-0.446974; -1.27512; 219.63
0.323923; -1.21751; 175.34
1.84057; -1.23899; 2141.34
-0.473098; -0.784021; 103.745
-1.51671; -1.20737; 1236.79
-1.81506; 1.08469; 496.222
1.04416; 1.52416; 18.8275
-1.99292; -0.205512; 1753.89
-0.294504; 1.20615; 126.986
-0.154607; -0.0205695; 1.5309
0.997528; -1.04599; 416.59
0.237617; -1.62902; 284.665
1.6881; 1.5753; 162.878
1.42808; -1.76147; 1444.86
-0.0364391; 0.528153; 28.8287
0.988861; 1.02426; 0.215575
-0.97702; 1.63964; 50.8407
1.16794; -1.20151; 658.261
0.211371; -1.79504; 339.077
0.0886868; 1.16147; 133.912
0.816614; -1.90381; 660.865
0.926969; 0.213446; 41.7144
1.65685; 1.50218; 154.929
1.18772; -0.778283; 479.19
-0.42024; -0.0724509; 8.2198
-1.78967; 0.607868; 681.205
-1.99658; 1.07431; 856.97
1.02475; -1.12107; 471.403
-1.38096; -1.76989; 1357.66
0.682455; -1.86926; 545.325
-0.616535; 0.791467; 19.5342
1.1926; -0.254952; 281.354
1.92688; 0.542192; 1006.17
-0.818812; -0.0921049; 61.4574
1.49742; -1.68285; 1540.91
-1.59606; -1.42711; 1586.41
-1.42796; 1.67199; 19.3702
-0.765099; -0.504715; 121.946
1.25535; -1.81347; 1148.85
1.25681; -1.04001; 686.291
1.59154; -0.973968; 1230.23
-0.922575; -1.16794; 411.368
-1.08249; 1.38462; 8.86672
1.49937; 1.55077; 48.8799
1.37913; 0.437086; 214.742
-1.83642; -1.30589; 2196.72
-1.26499; -0.576373; 478.879
-0.202948; -1.25974; 170.689
1.57787; 0.492141; 399.345
0.185369; 1.64672; 260.633
0.0903958; 0.922575; 84.4407
1.99731; 1.87732; 447.028
1.46971; 1.36082; 64.0972
-1.41331; -0.502396; 630.748
-0.862514; -1.31614; 427.859
1.89502; 0.967254; 689.251
0.86642; -1.87646; 690.207
0.580157; 1.25083; 83.7615
0.943693; 1.27268; 14.6052
-1.50145; 0.875576; 196.359
-0.49971; 0.599322; 14.472
1.66173; 1.5587; 145.075
-1.87133; 1.09397; 588.055
-0.204535; -1.96973; 406.088
-1.08554; -0.326121; 230.709
-1.37364; 1.67614; 10.0755
0.00677511; -1.02853; 106.784
1.01791; 1.62609; 34.803
-1.14609; -1.87158; 1019.1
1.08469; -1.08701; 512.377
0.226386; 1.22556; 138.499
1.40806; -0.673544; 705.698
0.155705; 1.96716; 378.206
1.4774; 0.587481; 254.705
-1.08908; 1.2512; 4.788
-0.515824; -0.532426; 66.058
-1.8601; 0.245186; 1041.67
-0.408521; -1.52086; 286.833
-0.700278; 1.59606; 125.141
-1.19407; 1.76073; 16.0323
-1.49974; 1.39732; 78.8223
1.57579; -0.217719; 729.786
-1.11155; 0.539018; 52.9719
0.240303; 0.49617; 19.7987
-0.305368; -1.93408; 412.711
1.45653; -1.44151; 1269.69
-0.930387; -0.832118; 291.958
0.726646; 0.245796; 8.03942
1.83532; 0.428907; 864.764
1.15293; -0.309153; 268.458
1.27354; 0.957854; 44.1702
-1.45689; 0.0661031; 428.928
-1.91968; -1.97205; 3208.91
0.993255; -0.66451; 272.602
1.60851; -0.150945; 750.168
1.07163; -1.79797; 868.104
0.523881; -1.90332; 474.494
0.729698; 1.87634; 180.675
0.00177007; 0.825526; 69.1452
-0.936247; 1.28941; 20.7935
0.586505; 0.388867; 0.372391
-0.945524; 1.37693; 27.106
-0.159734; 0.992645; 94.8791
-0.593585; -1.94201; 528.947
-0.0938139; 0.505936; 25.9107
-0.384472; -0.465529; 39.5364
-1.88952; -0.844691; 1957.56
0.387402; 1.53551; 192.316
-0.27131; 1.72619; 274.718
-0.468093; 0.132511; 2.90525
-1.95972; 1.89697; 386.485
1.4608; -0.250313; 568.675
0.798547; -0.668172; 170.565
0.409375; -0.00579852; 3.35513
0.238472; -1.84399; 361.906
-0.487136; -1.06784; 172.552
1.74938; 1.43809; 263.729
1.85644; 0.435255; 907.417
0.335887; -1.6942; 326.975
-0.371899; -0.778771; 85.9857
-0.00567644; -1.6798; 283.195
1.49913; -0.782922; 918.529
1.12607; 1.73156; 21.5011
0.35371; -1.13511; 159.232
-0.882778; 0.242866; 32.3207
1.49767; -0.999725; 1051.78
-0.794397; 0.908536; 10.9188
1.46641; -1.07566; 1040.94
-1.23716; -0.212836; 308.949
1.56139; 0.297311; 458.541
-1.88488; 1.98096; 255.388
-1.76305; 0.47676; 700.166
-0.972259; -1.32066; 517.34
-1.53551; -1.07407; 1184.19
-0.0204474; 1.83923; 339.164
-1.80285; -1.68151; 2440.1
-0.649373; -0.881069; 172.437
0.0621967; -0.0377819; 1.05295
-0.350902; 1.69884; 250.112
0.404248; -0.831385; 99.318
-0.0969878; -0.393384; 17.4274
1.80529; 0.193426; 940.471
1.3397; 1.17771; 38.1955
1.20664; 0.37141; 117.672
1.48033; -0.727744; 852.359
1.75671; -0.928312; 1612.06
1.77331; 0.875088; 515.677
-1.48949; 1.09958; 131.411
-0.108463; -1.29637; 172.349
-1.89331; -1.83349; 2943.96
-0.180853; 1.4492; 202.04
-1.45555; -1.94214; 1655.01
-1.1489; 1.27415; 4.82775
1.18882; 1.11863; 8.71827
0.633992; -0.805017; 145.81
1.12571; 1.68603; 17.5562
1.36851; -1.02951; 842.49
-0.004944; -1.90796; 365.049
-1.69713; -1.87646; 2269.92
-0.575152; 0.861293; 30.6235
-0.36079; -1.2783; 200.23
-0.808313; -1.27158; 373.815
0.979583; -1.46104; 585.944
-1.76708; 0.102481; 919.757
-0.564531; 1.22691; 84.9322
-1.36473; 1.59948; 12.509
-1.47276; -1.88305; 1648.05
-1.27427; 1.27232; 17.5238
-1.00314; 0.282785; 56.3596
-0.612384; 0.159734; 7.23437
0.659627; 1.48302; 109.927
1.73009; 1.78112; 147.453
-1.57921; -1.38707; 1512.85
0.23188; 1.20103; 132.21
1.58055; -1.70995; 1771.15
1.48924; 1.28965; 86.3933
-0.446852; 0.195135; 2.09544
0.687826; -0.196234; 44.8989
-0.874477; 1.79785; 110.25
1.92859; 0.912198; 788.927
0.379223; -0.910489; 111.54
-1.47215; -1.20823; 1145.48
0.402051; -0.0505997; 4.86232
-0.578692; -1.08029; 202.765
-0.0862453; 0.767174; 58.8998
1.7926; 0.68453; 640.147
1.9303; -1.0499; 2281.83
0.0542619; -1.05673; 113.186
1.59215; -0.0625629; 675.055
-0.694174; 0.149968; 13.8866
0.283151; -0.65389; 54.3989
-0.607379; -1.3231; 288.873
-0.83932; -1.1229; 337.306
1.69127; 0.958708; 362.125
1.228; 0.601764; 82.1771
0.746788; -0.919645; 218.317
1.06748; -1.7423; 830.486
0.887051; 1.43626; 42.1851
-0.633747; -1.8225; 497.349
-0.0628071; -1.91687; 370.082
1.35276; 0.474075; 183.969
0.162297; 0.416211; 15.9017
0.274728; 1.10947; 107.441
0.560137; 0.78695; 22.585
1.03977; 1.47203; 15.2832
-1.36802; -0.305979; 479.743
1.14585; -1.9143; 1041.55
-0.246529; -1.83142; 359.593
0.0252083; -0.922941; 86.2495
-1.72692; -1.0206; 1609.72
1.92822; 0.0258187; 1364.11
0.462111; -1.71593; 372.579
-0.529984; 1.82214; 239.887
1.44029; -0.650105; 742.507
-1.03244; -0.841884; 368.108
-1.79614; 1.97082; 165.392
-1.31016; -1.72436; 1189.3
-1.11948; -0.79635; 424.572
1.14743; 0.598468; 51.5941
-1.66527; -0.948943; 1392.49
-1.45408; -1.12986; 1058.52
0.250313; -1.28697; 182.71
0.52913; -1.57237; 343.343
-0.185125; 1.03537; 101.625
-0.664754; -1.77038; 492.188
-0.869961; 0.777184; 3.53818
1.49303; 0.270333; 383.931
1.47398; -1.67516; 1480.77
1.18162; 1.99866; 36.3266
0.539995; 0.475417; 3.5907
0.379101; 0.372509; 5.62007
-1.223; 1.91552; 22.5648
-1.07395; -1.83081; 894.826
-1.04379; -0.979461; 432.24
-0.372753; 1.17978; 110.219
-0.910123; 1.60021; 63.229
-0.482253; 0.910245; 48.1216
-1.17405; -1.7882; 1007.45
0.418287; -0.584063; 57.9506
-0.55501; 0.672445; 15.6975
1.90417; -1.10544; 2239.35
1.58312; -0.61214; 972.782
1.81408; 0.660482; 692.568
-1.19333; -0.870571; 531.338
-0.578204; 0.127995; 6.74772
-0.836024; -1.12009; 334.257
-1.60155; -1.57311; 1719.13
0.837367; 1.37523; 45.4597
0.68746; 1.27659; 64.7374
-1.97693; -0.034608; 1563.47
0.418531; 1.74133; 245.623
-0.837489; 0.423292; 11.1101
0.98764; 1.49535; 27.0311
1.64892; 1.32041; 196.003
0.423658; -0.78048; 92.4857
1.13694; -1.39952; 724.782
0.170476; 0.756188; 53.5592
-0.421461; 1.97278; 324.276
-1.59227; -0.353587; 841.306
-1.89026; 0.749718; 805.483
-0.964446; -1.32395; 511.96
-1.08542; -1.244; 591.023
1.44884; 1.05319; 109.599
-1.80956; -0.0670797; 1124.52
-1.77538; 1.84497; 178.533
-1.66002; 0.26191; 628.964
1.85022; 0.295602; 978.97
1.51463; -0.365184; 707.452
-0.387402; -0.346019; 26.5363
0.634114; 1.29344; 79.5818
1.78076; -0.867519; 1631.64
-1.99109; 0.465041; 1233.52
-1.80224; 0.624226; 696.308
-0.312204; 1.81799; 297.739
0.415845; -1.19651; 187.877
-0.342479; -0.637776; 58.8149
0.492508; 1.23362; 98.4766
-1.98059; -1.57897; 3035.76
-0.422315; -0.892544; 116.704
-0.732871; 1.29698; 60.7438
1.41404; -0.753868; 758.287
-1.20933; 0.258736; 149.779
-0.123722; 1.98047; 387.449
-0.267037; -0.526078; 37.2925
-0.3249; -0.460524; 33.8005
0.321726; 1.51097; 198.555
-0.650349; -0.426466; 74.8751
1.80419; 0.0365612; 1036.55
-0.325632; 0.43318; 12.4596
1.10703; -1.6654; 835.746
-1.39525; -1.16831; 976.071
-1.65062; -0.730918; 1201.06
-0.112735; 0.516556; 26.6244
-0.668905; -1.68273; 456.545
0.458083; -1.42869; 268.773
-0.877163; 1.29991; 31.6658
-0.243721; 1.97766; 369.519
-1.11618; -1.57067; 797.764
0.0759911; -0.941618; 90.6091
-1.97058; 0.305002; 1289.16
1.08225; -1.56993; 751.42
1.87683; -0.522294; 1636.79
1.61596; 0.0868557; 637.667
-1.10935; -0.789514; 412.557
-0.0861232; -0.75753; 59.6942
-0.342357; 1.05893; 90.4862
1.36644; -0.443556; 534.069
-0.290109; 0.896695; 67.6851
0.939665; -1.63439; 633.713
-1.67309; 1.0123; 326.453
1.38792; 0.551225; 189.24
-0.56148; -0.0999176; 19.6754
-1.62243; -0.338816; 889.608
-1.24656; -0.627522; 480.911
1.65355; -1.08274; 1457.36
-0.758751; -1.38292; 386.712
-0.633869; -1.27085; 282.443
-0.910855; -1.17624; 406.016
-1.31016; -0.658895; 569.595
-1.73827; 0.00762963; 915.896
1.85473; 1.23704; 486.048
-0.214179; 1.65197; 259.428
-1.28294; -0.0723289; 300.452
-0.111637; 0.79696; 62.7794
-1.00558; 1.74682; 58.1357
-0.890225; -0.801843; 257.766
1.28977; 1.27854; 14.9044
0.519608; 1.18027; 83.0918
-1.97119; -0.956145; 2353.07
-0.841884; 1.81188; 125.079
1.43785; 0.0697653; 399.25
0.830042; -0.975311; 277.012
1.68419; -0.0349742; 825.011
-1.62584; 1.30393; 186.303
-1.69323; -0.869472; 1403.39
-0.464553; 0.573077; 14.9089
0.0603656; -0.273873; 8.58449
-1.43712; 1.8999; 8.67541
-1.70153; -1.97925; 2383.32
1.65917; -0.353343; 965.274
1.02133; -1.24937; 525.55
-1.59313; -0.307443; 816.41
0.711753; 0.109684; 15.8367
1.29685; 1.34874; 11.1833
-0.914029; -0.00201422; 73.7981
1.4818; -1.40403; 1296.05
1.88318; 0.153508; 1151.92
-1.11728; -1.73302; 893.324
-1.18149; -1.20908; 683.366
-1.22837; -1.20188; 739.795
1.82714; 0.373974; 879.497
0.955168; -0.822474; 300.962
0.719321; 1.14451; 39.402
1.68529; 1.71374; 127.365
1.3773; -0.96408; 818.695
-1.57823; -1.75243; 1807.17
1.6151; -1.40672; 1612.62
1.57103; -0.562334; 918.704
1.82678; -0.473708; 1452.92
-0.674154; 0.738243; 10.8547
1.55016; -0.479568; 831.215
-0.266915; 0.698569; 40.9588
-0.931608; -0.0686666; 91.4456
0.111393; 1.20823; 143.788
1.17649; 0.985321; 15.9357
-0.0532853; 1.31114; 172.273
0.236152; -0.884854; 89.0604
-0.611286; -1.78344; 467.909
1.64501; 1.05161; 274.135
-0.526078; -0.870449; 133.937
-1.155; -0.701743; 419.082
-1.79943; 1.52647; 300.754
-1.00473; -0.384716; 198.398
-1.42051; 1.50108; 32.5649
0.432447; 1.13462; 90.1179
-1.21262; -0.193182; 281.664
1.04709; -0.266671; 185.798
0.545854; 1.21824; 84.898
-1.30222; -0.709311; 583.751
1.85278; 0.837611; 674.222
-1.20981; 1.45152; 4.898
-1.81079; 0.972869; 539.698
-1.85583; -1.47667; 2429.56
-1.67052; 0.210761; 672.712
0.275826; 0.132023; 0.837389
-1.12449; -1.69127; 878.154
-0.781579; -1.74218; 556.856
-0.35493; -1.46519; 255.018
-0.993255; 1.28257; 12.7355
0.0350963; -0.925138; 86.7471
1.95178; 1.66613; 460.288
-1.51305; -0.86227; 999.561
0.827845; -0.116276; 64.2864
-0.821009; -0.621418; 171.141
0.100406; 1.24448; 153.184
0.0689108; -1.7307; 302.047
1.31687; 0.217597; 230.096
-1.58544; 0.0382702; 619.415
1.78674; 0.892422; 529.622
-0.104312; -0.194769; 5.44871
1.67553; 0.195379; 682.717
-0.538896; 1.53746; 157.882
0.638874; -1.50987; 368.016
0.029603; -1.55028; 241.55
-0.880825; 0.185858; 38.347
1.16514; -0.52327; 353.772
1.43248; 0.977386; 115.665
-0.144597; -0.561357; 35.2134
-0.231635; 0.343699; 9.9295
-0.48384; 0.528153; 10.8484
0.230415; -0.0696432; 2.09863
1.34666; -1.25718; 943.023
-1.96118; -1.56297; 2934.72
-1.83752; -1.11289; 2023.49
-0.976165; -0.358837; 175.97
0.830409; -0.229072; 84.4206
-1.46776; 0.176214; 397.377
1.42711; 1.22654; 65.8077
-1.12693; 1.6953; 22.6152
-0.746544; -1.42711; 396.848
0.427442; -1.95886; 458.959
1.82226; 0.148991; 1006.61
-0.452467; -1.95044; 466.583
-1.05173; 1.54283; 23.2802
0.369823; -1.38963; 233.387
-1.93384; 0.140812; 1303.82
1.66686; 0.61092; 470.251
-1.10215; -0.377758; 258.019
1.86328; -1.61168; 2584.93
-0.401685; 0.0244758; 3.83819
-0.658773; -0.686361; 128.268
0.501663; -0.996918; 156.144
-0.840175; 0.134098; 36.0812
1.59471; -0.0877102; 692.477
-0.687338; 0.698325; 7.94979
-0.158635; 0.331004; 10.6962
-0.348949; 1.6892; 247.505
-1.5161; 0.658895; 275.179
-1.40526; -1.01047; 896.933
-1.5537; -1.59191; 1611.23
0.758019; 1.30576; 53.5199
-0.0370495; -0.185003; 4.54907
0.613727; -0.325999; 49.5223
0.559648; -1.60314; 367.431
1.32237; -0.525468; 517.267
1.51183; 0.0801416; 486.674
1.84912; -0.421216; 1475.63
0.902799; 0.522416; 8.57264
-0.503494; 1.25364; 102.287
1.41026; -1.74425; 1393.76
0.974334; -0.550493; 224.947
-1.05759; 1.27586; 6.71
1.13486; -0.904263; 480.581
0.252876; -1.30113; 186.901
-1.50304; 1.02841; 157.729
-0.344798; -0.88229; 102.044
-1.31614; 0.176824; 247.293
-1.035; -0.725547; 326.984
-1.0997; 0.63216; 37.7234
0.793664; 0.68099; 0.303562
0.573321; -1.77587; 443.103
-0.681967; 1.80895; 183.429
-0.717246; -0.769494; 167.798
-1.34812; -0.525834; 554.607
-0.894253; 1.84448; 112.747
-1.05515; -0.956755; 432.751
0.499344; 1.02414; 60.2815
0.331248; -0.915983; 105.655
0.848598; -0.648396; 187.306
0.856532; -1.91369; 700.862
0.80221; 0.522782; 1.49737
-1.49449; 0.879482; 189.56
-0.476394; 0.0957671; 3.90067
1.45653; 0.367748; 307.762
-0.0193487; -1.87683; 353.428
0.687094; 0.213935; 6.76273
-0.601642; 0.290353; 3.0782
1.0571; -1.90942; 916.205
-1.99744; 0.187811; 1454.46
0.992279; -0.871059; 344.354
1.17612; 1.34092; 0.210299
0.89523; -0.814173; 261.03
0.154607; -0.377636; 16.8381
-1.59288; -0.442457; 894.604
-1.61315; 0.672811; 379.1
-1.35264; 0.763756; 119.145
0.683065; 0.95407; 23.8652
1.55296; 1.02634; 192.229
0.278024; -0.940275; 104.067
-1.55419; -0.931486; 1126.75
0.933805; 1.90991; 107.732
-0.0484024; -1.14035; 131.675
1.20481; 0.451613; 100.033
-0.605914; -0.0695212; 21.6456
1.99402; -0.505325; 2009.31
1.79199; -1.11753; 1874.43
0.521073; 0.302805; 0.327262
-1.41783; 1.7196; 14.2932
-0.168279; 0.569292; 30.6302
-1.80541; 0.623005; 702.991
0.969573; -1.60009; 645.241
0.602985; -1.20164; 245.151
-1.06259; 0.928556; 8.27627
1.97815; 1.01645; 839.999
1.57323; 0.190619; 522.191
1.56713; 1.47545; 96.4468
0.46382; 0.879604; 44.4402
0.924284; -1.39232; 504.734
1.02487; -1.3889; 595
-0.381054; 0.457961; 11.6891
0.867153; 1.31993; 32.2768
1.54418; -1.74511; 1705.65
-0.420972; 0.414502; 7.64957
-0.0476699; -0.194525; 4.97053
1.04721; 0.315134; 61.0794
-0.657064; 0.332224; 3.73604
-0.558672; 0.998993; 49.6097
-1.67418; -1.61742; 1961.07
1.98828; -1.82214; 3336.5
-0.413282; -1.56725; 304.079
-0.340159; -0.264351; 16.2406
-0.92111; -0.187933; 111.098
-1.10007; -0.95468; 473.061
0.566973; 1.57237; 156.667
1.51585; -0.202704; 625.525
-0.353221; -1.07175; 144.996
1.85766; 0.957488; 622.449
-0.633137; 0.892178; 26.8062
0.413526; 0.485794; 10.2532
1.57689; 0.729942; 308.913
-1.05747; -1.56481; 724.104
0.126652; 0.862026; 72.3318
0.271798; -1.93957; 405.927
0.0436415; -0.166204; 3.74066
1.88342; 1.55858; 396.268
0.809534; -1.01669; 279.608
-1.5858; -0.933317; 1195.62
-0.134831; 0.427076; 18.0075
